00000001 0
00000002 1
00000003 2
00000004 3
00000005 4
00000006 5
00000007 6
00000008 7
00000009 8
00000010 9
00000011 10
00000012 11
00000013 12
00000014 13
00000015 14
00000016 15
00000017 16
00000018 17
00000019 18
00000020 19
00000021 20
00000022 21
00000023 22
00000024 23
00000025 24
00000026 25
00000027 26
00000028 27
00000029 28
00000030 29
00000031 30
00000032 31
00000033 32
00000034 33
00000035 34
00000036 35
00000037 36
00000038 37
00000039 38
00000040 39
00000041 40
00000042 41
00000043 42
00000044 43
00000045 44
00000046 45
00000047 46
00000048 47
00000049 48
00000050 49
00000051 50
00000052 51
00000053 52
00000054 53
00000055 54
00000056 55
00000057 56
00000058 57
00000059 58
00000060 59
00000061 60
00000062 61
00000063 62
00000064 63
00000065 64
00000066 65
00000067 66
00000068 67
00000069 68
00000070 69
00000071 70
00000072 71
00000073 72
00000074 73
00000075 74
00000076 75
00000077 76
00000078 77
00000079 78
00000080 79
00000081 80
00000082 81
00000083 82
00000084 83
00000085 84
00000086 85
00000087 86
00000088 87
00000089 88
00000090 89
00000091 90
00000092 91
00000093 92
00000094 93
00000095 94
00000096 95
00000097 96
00000098 97
00000099 98
00000100 99
00000101 100
00000102 101
00000103 102
00000104 103
00000105 104
00000106 105
00000107 106
00000108 107
00000109 108
00000110 109
00000111 110
00000112 111
00000113 112
00000114 113
00000115 114
00000116 115
00000117 116
00000118 117
00000119 118
00000120 119
00000121 120
00000122 121
00000123 122
00000124 123
00000125 124
00000126 125
00000127 126
00000128 127
00000129 128
00000130 129
00000131 130
00000132 131
00000133 132
00000134 133
00000135 134
00000136 135
00000137 136
00000138 137
00000139 138
00000140 139
00000141 140
00000142 141
00000143 142
00000144 143
00000145 144
00000146 145
00000147 146
00000148 147
00000149 148
00000150 149
00000151 150
00000152 151
00000153 152
00000154 153
00000155 154
00000156 155
00000157 156
00000158 157
00000159 158
00000160 159
00000161 160
00000162 161
00000163 162
00000164 163
00000165 164
00000166 165
00000167 166
00000168 167
00000169 168
00000170 169
00000171 170
00000172 171
00000173 172
00000174 173
00000175 174
00000176 175
00000177 176
00000178 177
00000179 178
00000180 179
00000181 180
00000182 181
00000183 182
00000184 183
00000185 184
00000186 185
00000187 186
00000188 187
00000189 188
00000190 189
00000191 190
00000192 191
00000193 192
00000194 193
00000195 194
00000196 195
00000197 196
00000198 197
00000199 198
00000200 199
00000201 200
00000202 201
00000203 202
00000204 203
00000205 204
00000206 205
00000207 206
00000208 207
00000209 208
00000210 209
00000211 210
00000212 211
00000213 212
00000214 213
00000215 214
00000216 215
00000217 216
00000218 217
00000219 218
00000220 219
00000221 220
00000222 221
00000223 222
00000224 223
00000225 224
00000226 225
00000227 226
00000228 227
00000229 228
00000230 229
00000231 230
00000232 231
00000233 232
00000234 233
00000235 234
00000236 235
00000237 236
00000238 237
00000239 238
00000240 239
00000241 240
00000242 241
00000243 242
00000244 243
00000245 244
00000246 245
00000247 246
00000248 247
00000249 248
00000250 249
00000251 250
00000252 251
00000253 252
00000254 253
00000255 254
00000256 255
00000257 256
00000258 257
00000259 258
00000260 259
00000261 260
00000262 261
00000263 262
00000264 263
00000265 264
00000266 265
00000267 266
00000268 267
00000269 268
00000270 269
00000271 270
00000272 271
00000273 272
00000274 273
00000275 274
00000276 275
00000277 276
00000278 277
00000279 278
00000280 279
00000281 280
00000282 281
00000283 282
00000284 283
00000285 284
00000286 285
00000287 286
00000288 287
00000289 288
00000290 289
00000291 290
00000292 291
00000293 292
00000294 293
00000295 294
00000296 295
00000297 296
00000298 297
00000299 298
00000300 299
00000301 300
00000302 301
00000303 302
00000304 303
00000305 304
00000306 305
00000307 306
00000308 307
00000309 308
00000310 309
00000311 310
00000312 311
00000313 312
00000314 313
00000315 314
00000316 315
00000317 316
00000318 317
00000319 318
00000320 319
00000321 320
00000322 321
00000323 322
00000324 323
00000325 324
00000326 325
00000327 326
00000328 327
00000329 328
00000330 329
00000331 330
00000332 331
00000333 332
00000334 333
00000335 334
00000336 335
00000337 336
00000338 337
00000339 338
00000340 339
00000341 340
00000342 341
00000343 342
00000344 343
00000345 344
00000346 345
00000347 346
00000348 347
00000349 348
00000350 349
00000351 350
00000352 351
00000353 352
00000354 353
00000355 354
00000356 355
00000357 356
00000358 357
00000359 358
00000360 359
00000361 360
00000362 361
00000363 362
00000364 363
00000365 364
00000366 365
00000367 366
00000368 367
00000369 368
00000370 369
00000371 370
00000372 371
00000373 372
00000374 373
00000375 374
00000376 375
00000377 376
00000378 377
00000379 378
00000380 379
00000381 380
00000382 381
00000383 382
00000384 383
00000385 384
00000386 385
00000387 386
00000388 387
00000389 388
00000390 389
00000391 390
00000392 391
00000393 392
00000394 393
00000395 394
00000396 395
00000397 396
00000398 397
00000399 398
00000400 399
00000401 400
00000402 401
00000403 402
00000404 403
00000405 404
00000406 405
00000407 406
00000408 407
00000409 408
00000410 409
00000411 410
00000412 411
00000413 412
00000414 413
00000415 414
00000416 415
00000417 416
00000418 417
00000419 418
00000420 419
00000421 420
00000422 421
00000423 422
00000424 423
00000425 424
00000426 425
00000427 426
00000428 427
00000429 428
00000430 429
00000431 430
00000432 431
00000433 432
00000434 433
00000435 434
00000436 435
00000437 436
00000438 437
00000439 438
00000440 439
00000441 440
00000442 441
00000443 442
00000444 443
00000445 444
00000446 445
00000447 446
00000448 447
00000449 448
00000450 449
00000451 450
00000452 451
00000453 452
00000454 453
00000455 454
00000456 455
00000457 456
00000458 457
00000459 458
00000460 459
00000461 460
00000462 461
00000463 462
00000464 463
00000465 464
00000466 465
00000467 466
00000468 467
00000469 468
00000470 469
00000471 470
00000472 471
00000473 472
00000474 473
00000475 474
00000476 475
00000477 476
00000478 477
00000479 478
00000480 479
00000481 480
00000482 481
00000483 482
00000484 483
00000485 484
00000486 485
00000487 486
00000488 487
00000489 488
00000490 489
00000491 490
00000492 491
00000493 492
00000494 493
00000495 494
00000496 495
00000497 496
00000498 497
00000499 498
00000500 499
00000501 500
00000502 501
00000503 502
00000504 503
00000505 504
00000506 505
00000507 506
00000508 507
00000509 508
00000510 509
00000511 510
00000512 511
00000513 512
00000514 513
00000515 514
00000516 515
00000517 516
00000518 517
00000519 518
00000520 519
00000521 520
00000522 521
00000523 522
00000524 523
00000525 524
00000526 525
00000527 526
00000528 527
00000529 528
00000530 529
00000531 530
00000532 531
00000533 532
00000534 533
00000535 534
00000536 535
00000537 536
00000538 537
00000539 538
00000540 539
00000541 540
00000542 541
00000543 542
00000544 543
00000545 544
00000546 545
00000547 546
00000548 547
00000549 548
00000550 549
00000551 550
00000552 551
00000553 552
00000554 553
00000555 554
00000556 555
00000557 556
00000558 557
00000559 558
00000560 559
00000561 560
00000562 561
00000563 562
00000564 563
00000565 564
00000566 565
00000567 566
00000568 567
00000569 568
00000570 569
00000571 570
00000572 571
00000573 572
00000574 573
00000575 574
00000576 575
00000577 576
00000578 577
00000579 578
00000580 579
00000581 580
00000582 581
00000583 582
00000584 583
00000585 584
00000586 585
00000587 586
00000588 587
00000589 588
00000590 589
00000591 590
00000592 591
00000593 592
00000594 593
00000595 594
00000596 595
00000597 596
00000598 597
00000599 598
00000600 599
00000601 600
00000602 601
00000603 602
00000604 603
00000605 604
00000606 605
00000607 606
00000608 607
00000609 608
00000610 609
00000611 610
00000612 611
00000613 612
00000614 613
00000615 614
00000616 615
00000617 616
00000618 617
00000619 618
00000620 619
00000621 620
00000622 621
00000623 622
00000624 623
00000625 624
00000626 625
00000627 626
00000628 627
00000629 628
00000630 629
00000631 630
00000632 631
00000633 632
00000634 633
00000635 634
00000636 635
00000637 636
00000638 637
00000639 638
00000640 639
00000641 640
00000642 641
00000643 642
00000644 643
00000645 644
00000646 645
00000647 646
00000648 647
00000649 648
00000650 649
00000651 650
00000652 651
00000653 652
00000654 653
00000655 654
00000656 655
00000657 656
00000658 657
00000659 658
00000660 659
00000661 660
00000662 661
00000663 662
00000664 663
00000665 664
00000666 665
00000667 666
00000668 667
00000669 668
00000670 669
00000671 670
00000672 671
00000673 672
00000674 673
00000675 674
00000676 675
00000677 676
00000678 677
00000679 678
00000680 679
00000681 680
00000682 681
00000683 682
00000684 683
00000685 684
00000686 685
00000687 686
00000688 687
00000689 688
00000690 689
00000691 690
00000692 691
00000693 692
00000694 693
00000695 694
00000696 695
00000697 696
00000698 697
00000699 698
00000700 699
00000701 700
00000702 701
00000703 702
00000704 703
00000705 704
00000706 705
00000707 706
00000708 707
00000709 708
00000710 709
00000711 710
00000712 711
00000713 712
00000714 713
00000715 714
00000716 715
00000717 716
00000718 717
00000719 718
00000720 719
00000721 720
00000722 721
00000723 722
00000724 723
00000725 724
00000726 725
00000727 726
00000728 727
00000729 728
00000730 729
00000731 730
00000732 731
00000733 732
00000734 733
00000735 734
00000736 735
00000737 736
00000738 737
00000739 738
00000740 739
00000741 740
00000742 741
00000743 742
00000744 743
00000745 744
00000746 745
00000747 746
00000748 747
00000749 748
00000750 749
00000751 750
00000752 751
00000753 752
00000754 753
00000755 754
00000756 755
00000757 756
00000758 757
00000759 758
00000760 759
00000761 760
00000762 761
00000763 762
00000764 763
00000765 764
00000766 765
00000767 766
00000768 767
00000769 768
00000770 769
00000771 770
00000772 771
00000773 772
00000774 773
00000775 774
00000776 775
00000777 776
00000778 777
00000779 778
00000780 779
00000781 780
00000782 781
00000783 782
00000784 783
00000785 784
00000786 785
00000787 786
00000788 787
00000789 788
00000790 789
00000791 790
00000792 791
00000793 792
00000794 793
00000795 794
00000796 795
00000797 796
00000798 797
00000799 798
00000800 799
00000801 800
00000802 801
00000803 802
00000804 803
00000805 804
00000806 805
00000807 806
00000808 807
00000809 808
00000810 809
00000811 810
00000812 811
00000813 812
00000814 813
00000815 814
00000816 815
00000817 816
00000818 817
00000819 818
00000820 819
00000821 820
00000822 821
00000823 822
00000824 823
00000825 824
00000826 825
00000827 826
00000828 827
00000829 828
00000830 829
00000831 830
00000832 831
00000833 832
00000834 833
00000835 834
00000836 835
00000837 836
00000838 837
00000839 838
00000840 839
00000841 840
00000842 841
00000843 842
00000844 843
00000845 844
00000846 845
00000847 846
00000848 847
00000849 848
00000850 849
00000851 850
00000852 851
00000853 852
00000854 853
00000855 854
00000856 855
00000857 856
00000858 857
00000859 858
00000860 859
00000861 860
00000862 861
00000863 862
00000864 863
00000865 864
00000866 865
00000867 866
00000868 867
00000869 868
00000870 869
00000871 870
00000872 871
00000873 872
00000874 873
00000875 874
00000876 875
00000877 876
00000878 877
00000879 878
00000880 879
00000881 880
00000882 881
00000883 882
00000884 883
00000885 884
00000886 885
00000887 886
00000888 887
00000889 888
00000890 889
00000891 890
00000892 891
00000893 892
00000894 893
00000895 894
00000896 895
00000897 896
00000898 897
00000899 898
00000900 899
00000901 900
00000902 901
00000903 902
00000904 903
00000905 904
00000906 905
00000907 906
00000908 907
00000909 908
00000910 909
00000911 910
00000912 911
00000913 912
00000914 913
00000915 914
00000916 915
00000917 916
00000918 917
00000919 918
00000920 919
00000921 920
00000922 921
00000923 922
00000924 923
00000925 924
00000926 925
00000927 926
00000928 927
00000929 928
00000930 929
00000931 930
00000932 931
00000933 932
00000934 933
00000935 934
00000936 935
00000937 936
00000938 937
00000939 938
00000940 939
00000941 940
00000942 941
00000943 942
00000944 943
00000945 944
00000946 945
00000947 946
00000948 947
00000949 948
00000950 949
00000951 950
00000952 951
00000953 952
00000954 953
00000955 954
00000956 955
00000957 956
00000958 957
00000959 958
00000960 959
00000961 960
00000962 961
00000963 962
00000964 963
00000965 964
00000966 965
00000967 966
00000968 967
00000969 968
00000970 969
00000971 970
00000972 971
00000973 972
00000974 973
00000975 974
00000976 975
00000977 976
00000978 977
00000979 978
00000980 979
00000981 980
00000982 981
00000983 982
00000984 983
00000985 984
00000986 985
00000987 986
00000988 987
00000989 988
00000990 989
00000991 990
00000992 991
00000993 992
00000994 993
00000995 994
00000996 995
00000997 996
00000998 997
00000999 998
00001000 999
00001001 1000
00001002 1001
00001003 1002
00001004 1003
00001005 1004
00001006 1005
00001007 1006
00001008 1007
00001009 1008
00001010 1009
00001011 1010
00001012 1011
00001013 1012
00001014 1013
00001015 1014
00001016 1015
00001017 1016
00001018 1017
00001019 1018
00001020 1019
00001021 1020
00001022 1021
00001023 1022
00001024 1023
00001025 1024
00001026 1025
00001027 1026
00001028 1027
00001029 1028
00001030 1029
00001031 1030
00001032 1031
00001033 1032
00001034 1033
00001035 1034
00001036 1035
00001037 1036
00001038 1037
00001039 1038
00001040 1039
00001041 1040
00001042 1041
00001043 1042
00001044 1043
00001045 1044
00001046 1045
00001047 1046
00001048 1047
00001049 1048
00001050 1049
00001051 1050
00001052 1051
00001053 1052
00001054 1053
00001055 1054
00001056 1055
00001057 1056
00001058 1057
00001059 1058
00001060 1059
00001061 1060
00001062 1061
00001063 1062
00001064 1063
00001065 1064
00001066 1065
00001067 1066
00001068 1067
00001069 1068
00001070 1069
00001071 1070
00001072 1071
00001073 1072
00001074 1073
00001075 1074
00001076 1075
00001077 1076
00001078 1077
00001079 1078
00001080 1079
00001081 1080
00001082 1081
00001083 1082
00001084 1083
00001085 1084
00001086 1085
00001087 1086
00001088 1087
00001089 1088
00001090 1089
00001091 1090
00001092 1091
00001093 1092
00001094 1093
00001095 1094
00001096 1095
00001097 1096
00001098 1097
00001099 1098
00001100 1099
00001101 1100
00001102 1101
00001103 1102
00001104 1103
00001105 1104
00001106 1105
00001107 1106
00001108 1107
00001109 1108
00001110 1109
00001111 1110
00001112 1111
00001113 1112
00001114 1113
00001115 1114
00001116 1115
00001117 1116
00001118 1117
00001119 1118
00001120 1119
00001121 1120
00001122 1121
00001123 1122
00001124 1123
00001125 1124
00001126 1125
00001127 1126
00001128 1127
00001129 1128
00001130 1129
00001131 1130
00001132 1131
00001133 1132
00001134 1133
00001135 1134
00001136 1135
00001137 1136
00001138 1137
00001139 1138
00001140 1139
00001141 1140
00001142 1141
00001143 1142
00001144 1143
00001145 1144
00001146 1145
00001147 1146
00001148 1147
00001149 1148
00001150 1149
00001151 1150
00001152 1151
00001153 1152
00001154 1153
00001155 1154
00001156 1155
00001157 1156
00001158 1157
00001159 1158
00001160 1159
00001161 1160
00001162 1161
00001163 1162
00001164 1163
00001165 1164
00001166 1165
00001167 1166
00001168 1167
00001169 1168
00001170 1169
00001171 1170
00001172 1171
00001173 1172
00001174 1173
00001175 1174
00001176 1175
00001177 1176
00001178 1177
00001179 1178
00001180 1179
00001181 1180
00001182 1181
00001183 1182
00001184 1183
00001185 1184
00001186 1185
00001187 1186
00001188 1187
00001189 1188
00001190 1189
00001191 1190
00001192 1191
00001193 1192
00001194 1193
00001195 1194
00001196 1195
00001197 1196
00001198 1197
00001199 1198
00001200 1199
00001201 1200
00001202 1201
00001203 1202
00001204 1203
00001205 1204
00001206 1205
00001207 1206
00001208 1207
00001209 1208
00001210 1209
00001211 1210
00001212 1211
00001213 1212
00001214 1213
00001215 1214
00001216 1215
00001217 1216
00001218 1217
00001219 1218
00001220 1219
00001221 1220
00001222 1221
00001223 1222
00001224 1223
00001225 1224
00001226 1225
00001227 1226
00001228 1227
00001229 1228
00001230 1229
00001231 1230
00001232 1231
00001233 1232
00001234 1233
00001235 1234
00001236 1235
00001237 1236
00001238 1237
00001239 1238
00001240 1239
00001241 1240
00001242 1241
00001243 1242
00001244 1243
00001245 1244
00001246 1245
00001247 1246
00001248 1247
00001249 1248
00001250 1249
00001251 1250
00001252 1251
00001253 1252
00001254 1253
00001255 1254
00001256 1255
00001257 1256
00001258 1257
00001259 1258
00001260 1259
00001261 1260
00001262 1261
00001263 1262
00001264 1263
00001265 1264
00001266 1265
00001267 1266
00001268 1267
00001269 1268
00001270 1269
00001271 1270
00001272 1271
00001273 1272
00001274 1273
00001275 1274
00001276 1275
00001277 1276
00001278 1277
00001279 1278
00001280 1279
00001281 1280
00001282 1281
00001283 1282
00001284 1283
00001285 1284
00001286 1285
00001287 1286
00001288 1287
00001289 1288
00001290 1289
00001291 1290
00001292 1291
00001293 1292
00001294 1293
00001295 1294
00001296 1295
00001297 1296
00001298 1297
00001299 1298
00001300 1299
00001301 1300
00001302 1301
00001303 1302
00001304 1303
00001305 1304
00001306 1305
00001307 1306
00001308 1307
00001309 1308
00001310 1309
00001311 1310
00001312 1311
00001313 1312
00001314 1313
00001315 1314
00001316 1315
00001317 1316
00001318 1317
00001319 1318
00001320 1319
00001321 1320
00001322 1321
00001323 1322
00001324 1323
00001325 1324
00001326 1325
00001327 1326
00001328 1327
00001329 1328
00001330 1329
00001331 1330
00001332 1331
00001333 1332
00001334 1333
00001335 1334
00001336 1335
00001337 1336
00001338 1337
00001339 1338
00001340 1339
00001341 1340
00001342 1341
00001343 1342
00001344 1343
00001345 1344
00001346 1345
00001347 1346
00001348 1347
00001349 1348
00001350 1349
00001351 1350
00001352 1351
00001353 1352
00001354 1353
00001355 1354
00001356 1355
00001357 1356
00001358 1357
00001359 1358
00001360 1359
00001361 1360
00001362 1361
00001363 1362
00001364 1363
00001365 1364
00001366 1365
00001367 1366
00001368 1367
00001369 1368
00001370 1369
00001371 1370
00001372 1371
00001373 1372
00001374 1373
00001375 1374
00001376 1375
00001377 1376
00001378 1377
00001379 1378
00001380 1379
00001381 1380
00001382 1381
00001383 1382
00001384 1383
00001385 1384
00001386 1385
00001387 1386
00001388 1387
00001389 1388
00001390 1389
00001391 1390
00001392 1391
00001393 1392
00001394 1393
00001395 1394
00001396 1395
00001397 1396
00001398 1397
00001399 1398
00001400 1399
00001401 1400
00001402 1401
00001403 1402
00001404 1403
00001405 1404
00001406 1405
00001407 1406
00001408 1407
00001409 1408
00001410 1409
00001411 1410
00001412 1411
00001413 1412
00001414 1413
00001415 1414
00001416 1415
00001417 1416
00001418 1417
00001419 1418
00001420 1419
00001421 1420
00001422 1421
00001423 1422
00001424 1423
00001425 1424
00001426 1425
00001427 1426
00001428 1427
00001429 1428
00001430 1429
00001431 1430
00001432 1431
00001433 1432
00001434 1433
00001435 1434
00001436 1435
00001437 1436
00001438 1437
00001439 1438
00001440 1439
00001441 1440
00001442 1441
00001443 1442
00001444 1443
00001445 1444
00001446 1445
00001447 1446
00001448 1447
00001449 1448
00001450 1449
00001451 1450
00001452 1451
00001453 1452
00001454 1453
00001455 1454
00001456 1455
00001457 1456
00001458 1457
00001459 1458
00001460 1459
00001461 1460
00001462 1461
