00024402 0
00036865 1
00063283 2
00061791 3
00072033 4
00069799 5
00072034 6
00059512 7
00068178 8
00072035 9
00072036 10
00071533 11
00014715 12
00069007 13
00058835 14
00068529 15
00072037 16
00029221 17
00072038 18
00070610 19
00054255 20
00072039 21
00072040 22
00028514 23
00021192 24
00060593 25
00072041 26
00066983 27
00020155 28
00072042 29
00050380 30
00071310 31
00072043 32
00064484 33
00060169 34
00072044 35
00072045 36
00072046 37
00072047 38
00054816 39
00001283 40
00072048 41
00072049 42
00033218 43
00072050 44
00072051 45
00020173 46
00072052 47
00072053 48
00059424 49
00048001 50
00072054 51
00022350 52
00027305 53
00040683 54
00072055 55
00072056 56
00012351 57
00072057 58
00072058 59
00062438 60
00072059 61
00044805 62
00050029 63
00072060 64
00002263 65
00072061 66
00072062 67
00072063 68
00051418 69
00072064 70
00072065 71
00072066 72
00072067 73
00072068 74
00072069 75
00039818 76
00072070 77
00064720 78
00065345 79
00068853 80
00072071 81
00072072 82
00072073 83
00072074 84
00054157 85
00072075 86
00072076 87
00046575 88
00002288 89
00072077 90
00026441 91
00008208 92
00072078 93
00030653 94
00072079 95
00072080 96
00072081 97
00001913 98
00003940 99
00072082 100
00072083 101
00072084 102
00004195 103
00009951 104
00068994 105
00017755 106
00067892 107
00072085 108
00029647 109
00072086 110
00042510 111
00072087 112
00072088 113
00072089 114
00072090 115
00072091 116
00041722 117
00072092 118
00055802 119
00017241 120
00072093 121
00072094 122
00031391 123
00003792 124
00072095 125
00024926 126
00072096 127
00072097 128
00072098 129
00020298 130
00061126 131
00072099 132
00072100 133
00072101 134
00063261 135
00072102 136
00072103 137
00047162 138
00072104 139
00072105 140
00072106 141
00072107 142
00072108 143
00072109 144
00066993 145
00072110 146
00072111 147
00069906 148
00072112 149
00072113 150
00072114 151
00072115 152
00029229 153
00072116 154
00072117 155
00072118 156
00072119 157
00065098 158
00071576 159
00072120 160
00072121 161
00025634 162
00072122 163
00072123 164
00072124 165
00016849 166
00047691 167
00072125 168
00068686 169
00041024 170
00072126 171
00031126 172
00072127 173
00072128 174
00072129 175
00072130 176
00035224 177
00053037 178
00062161 179
00051459 180
00072131 181
00072132 182
00072133 183
00072134 184
00052472 185
00072135 186
00072136 187
00072137 188
00031637 189
00072138 190
00016457 191
00072139 192
00072140 193
00033474 194
00072141 195
00046946 196
00072142 197
00009733 198
00072143 199
00038378 200
00072144 201
00072145 202
00072146 203
00072147 204
00072148 205
00072149 206
00072150 207
00072151 208
00072152 209
00072153 210
00072154 211
00072155 212
00065624 213
00019440 214
00072156 215
00072157 216
00051479 217
00072158 218
00072159 219
00072160 220
00072161 221
00013200 222
00009348 223
00072162 224
00072163 225
00072164 226
00065033 227
00057773 228
00072165 229
00072166 230
00072167 231
00072168 232
00051545 233
00044246 234
00072169 235
00007822 236
00072170 237
00066985 238
00072171 239
00072172 240
00072173 241
00065908 242
00072174 243
00033738 244
00072175 245
00072176 246
00039684 247
00025114 248
00027120 249
00072177 250
00061507 251
00072178 252
00072179 253
00004076 254
00072180 255
00070934 256
00031938 257
00048754 258
00072181 259
00072182 260
00072183 261
00072184 262
00072185 263
00072186 264
00072187 265
00036681 266
00002035 267
00072188 268
00072189 269
00069910 270
00025823 271
00072190 272
00072191 273
00072192 274
00072193 275
00072194 276
00072195 277
00010220 278
00056293 279
00072196 280
00072197 281
00072198 282
00072199 283
00066435 284
00072200 285
00072201 286
00045320 287
00072202 288
00039826 289
00072203 290
00072204 291
00072205 292
00032169 293
00072206 294
00071191 295
00072207 296
00072208 297
00072209 298
00039894 299
00033925 300
00072210 301
00072211 302
00016621 303
00072212 304
00072213 305
00072214 306
00032887 307
00072215 308
00072216 309
00072217 310
00072218 311
00072219 312
00072220 313
00072221 314
00072222 315
00050634 316
00051772 317
00072223 318
00029215 319
00072224 320
00072225 321
00072226 322
00072227 323
00024389 324
00002437 325
00053200 326
00072228 327
00072229 328
00072230 329
00006785 330
00072231 331
00072232 332
00072233 333
00072234 334
00072235 335
00025145 336
00014512 337
00072236 338
00072237 339
00019338 340
00072238 341
00072239 342
00072240 343
00072241 344
00072242 345
00072243 346
00029147 347
00072244 348
00072245 349
00008242 350
00072246 351
00048126 352
00072247 353
00072248 354
00072249 355
00067910 356
00072250 357
00043053 358
00072251 359
00072252 360
00069183 361
00022849 362
00072253 363
00072254 364
00072255 365
00072256 366
00071048 367
00072257 368
00051585 369
00011868 370
00072258 371
00072259 372
00004027 373
00064479 374
00072260 375
00072261 376
00057694 377
00072262 378
00072263 379
00072264 380
00024893 381
00072265 382
00072266 383
00038408 384
00072267 385
00072268 386
00061852 387
00062486 388
00072269 389
00072270 390
00072271 391
00033458 392
00072272 393
00072273 394
00072274 395
00072275 396
00072276 397
00008692 398
00072277 399
00072278 400
00023268 401
00072279 402
00072280 403
00072281 404
00055119 405
00072282 406
00072283 407
00072284 408
00072285 409
00072286 410
00072287 411
00072288 412
00072289 413
00002969 414
00072290 415
00018559 416
00072291 417
00072292 418
00072293 419
00036382 420
00072294 421
00072295 422
00057322 423
00072296 424
00034202 425
00072297 426
00072298 427
00072299 428
00001686 429
00072300 430
00045874 431
00072301 432
00041145 433
00072302 434
00004325 435
00072303 436
00015333 437
00072304 438
