00000002 0
00000001 1
00000000 2
00000004 3
00000005 4
00000006 5
00000007 6
00000008 7
00000009 8
00000010 9
00000011 10
00000012 11
00000013 12
00000014 13
00000015 14
00000016 15
00000017 16
00000018 17
00000019 18
00000021 19
00000022 20
00000023 21
00000024 22
00000025 23
00000026 24
00000027 25
00000028 26
00000029 27
00000030 28
00000031 29
00000032 30
00000033 31
00000034 32
00000035 33
00000036 34
00000037 35
00000038 36
00000039 37
00000040 38
00000041 39
00000042 40
00000043 41
00000044 42
00000045 43
00000046 44
00000047 45
00000048 46
00000049 47
00000050 48
00000051 49
00000052 50
00000054 51
00000055 52
00000056 53
00000057 54
00000058 55
00000059 56
00000060 57
00000061 58
00000062 59
00000063 60
00000064 61
00000065 62
00000066 63
00000067 64
00000068 65
00000069 66
00000070 67
00000071 68
00000072 69
00000073 70
00000074 71
00000075 72
00000076 73
00000077 74
00000078 75
00000079 76
00000080 77
00000081 78
00000082 79
00000083 80
00000084 81
00000085 82
00000086 83
00000087 84
00000088 85
00000089 86
00000090 87
00000091 88
00000092 89
00000093 90
00000094 91
00000095 92
00000096 93
00000097 94
00000098 95
00000099 96
00000100 97
00000101 98
00000102 99
00000103 100
00000104 101
00000105 102
00000106 103
00000107 104
00000108 105
00000109 106
00000110 107
00000111 108
00000112 109
00000113 110
00000114 111
00000115 112
00000116 113
00000117 114
00000118 115
00000119 116
00000120 117
00000121 118
00000122 119
00000123 120
00000124 121
00000125 122
00000126 123
00000127 124
00000128 125
00000129 126
00000130 127
00000131 128
00000132 129
00000133 130
00000134 131
00000135 132
00000136 133
00000137 134
00000138 135
00000139 136
00000140 137
00000141 138
00000142 139
00000143 140
00000144 141
00000145 142
00000146 143
00000147 144
00000148 145
00000149 146
00000150 147
00000151 148
00000152 149
00000153 150
00000154 151
00000155 152
00000156 153
00000157 154
00000158 155
00000159 156
00000160 157
00000161 158
00000162 159
00000163 160
00000164 161
00000165 162
00000166 163
00000167 164
00000168 165
00000169 166
00000170 167
00000171 168
00000172 169
00000173 170
00000174 171
00000175 172
00000176 173
00000177 174
00000178 175
00000179 176
00000180 177
00000181 178
00000182 179
00000183 180
00000184 181
00000185 182
00000186 183
00000187 184
00000188 185
00000189 186
00000190 187
00000191 188
00000192 189
00000193 190
00000194 191
00000195 192
00000196 193
00000197 194
00000198 195
00000199 196
00000200 197
00000201 198
00000202 199
00000203 200
00000204 201
00000205 202
00000206 203
00000207 204
00000208 205
00000209 206
00000210 207
00000211 208
00000212 209
00000213 210
00000214 211
00000215 212
00000216 213
00000217 214
00000218 215
00000219 216
00000220 217
00000221 218
00000222 219
00000223 220
00000224 221
00000225 222
00000226 223
00000227 224
00000228 225
00000229 226
00000230 227
00000231 228
00000232 229
00000233 230
00000234 231
00000235 232
00000236 233
00000237 234
00000238 235
00000239 236
00000240 237
00000241 238
00000242 239
00000243 240
00000244 241
00000245 242
00000246 243
00000247 244
00000248 245
00000249 246
00000250 247
00000251 248
00000252 249
00000253 250
00000254 251
00000255 252
00000256 253
00000257 254
00000258 255
00000259 256
00000260 257
00000261 258
00000262 259
00000263 260
00000264 261
00000265 262
00000266 263
00000267 264
00000268 265
00000269 266
00000270 267
00000271 268
00000272 269
00000273 270
00000274 271
00000275 272
00000276 273
00000277 274
00000278 275
00000279 276
00000280 277
00000281 278
00000282 279
00000283 280
00000284 281
00000285 282
00000286 283
00000287 284
00000288 285
00000289 286
00000290 287
00000291 288
00000292 289
00000293 290
00000294 291
00000295 292
00000296 293
00000297 294
00000298 295
00000299 296
00000300 297
00000301 298
00000302 299
00000303 300
00000304 301
00000305 302
00000306 303
00000307 304
00000308 305
00000309 306
00000310 307
00000311 308
00000312 309
00000313 310
00000314 311
00000315 312
00000316 313
00000317 314
00000318 315
00000319 316
00000320 317
00000321 318
00000322 319
00000323 320
00000324 321
00000325 322
00000326 323
00000327 324
00000328 325
00000329 326
00000330 327
00000331 328
00000332 329
00000333 330
00000334 331
00000335 332
00000336 333
00000337 334
00000338 335
00000339 336
00000340 337
00000341 338
00000342 339
00000343 340
00000344 341
00000345 342
00000346 343
00000347 344
00000348 345
00000349 346
00000350 347
00000351 348
00000352 349
00000353 350
00000354 351
00000355 352
00000356 353
00000357 354
00000358 355
00000359 356
00000360 357
00000361 358
00000362 359
00000363 360
00000364 361
00000365 362
00000366 363
00000367 364
00000368 365
00000369 366
00000370 367
00000371 368
00000372 369
00000373 370
00000374 371
00000375 372
00000376 373
00000377 374
00000378 375
00000379 376
00000380 377
00000381 378
00000382 379
00000383 380
00000384 381
00000385 382
00000386 383
00000387 384
00000388 385
00000389 386
00000390 387
00000391 388
00000392 389
00000393 390
00000394 391
00000395 392
00000396 393
00000397 394
00000398 395
00000399 396
00000400 397
00000401 398
00000402 399
00000403 400
00000404 401
00000405 402
00000406 403
00000407 404
00000408 405
00000409 406
00000410 407
00000411 408
00000412 409
00000413 410
00000414 411
00000415 412
00000416 413
00000417 414
00000418 415
00000419 416
00000420 417
00000421 418
00000422 419
00000423 420
00000424 421
00000425 422
00000426 423
00000427 424
00000428 425
00000429 426
00000430 427
00000431 428
00000432 429
00000433 430
00000434 431
00000435 432
00000436 433
00000437 434
00000438 435
00000439 436
00000440 437
00000441 438
00000442 439
00000443 440
00000444 441
00000445 442
00000446 443
00000447 444
00000448 445
00000449 446
00000450 447
00000451 448
00000452 449
00000453 450
00000454 451
00000455 452
00000456 453
00000457 454
00000458 455
00000459 456
00000460 457
00000461 458
00000462 459
00000463 460
00000464 461
00000465 462
00000466 463
00000467 464
00000468 465
00000469 466
00000470 467
00000471 468
00000472 469
00000473 470
00000474 471
00000475 472
00000476 473
00000477 474
00000478 475
00000479 476
00000480 477
00000481 478
00000482 479
00000483 480
00000484 481
00000485 482
00000486 483
00000487 484
00000488 485
00000489 486
00000490 487
00000491 488
00000492 489
00000493 490
00000494 491
00000495 492
00000496 493
00000497 494
00000498 495
00000499 496
00000500 497
00000501 498
00000502 499
00000503 500
00000504 501
00000505 502
00000506 503
00000507 504
00000508 505
00000509 506
00000510 507
00000511 508
00000512 509
00000513 510
00000514 511
00000515 512
00000516 513
00000517 514
00000518 515
00000519 516
00000520 517
00000521 518
00000522 519
00000523 520
00000524 521
00000525 522
00000526 523
00000527 524
00000528 525
00000529 526
00000530 527
00000531 528
00000532 529
00000533 530
00000534 531
00000535 532
00000536 533
00000537 534
00000538 535
00000539 536
00000540 537
00000541 538
00000542 539
00000543 540
00000544 541
00000545 542
00000546 543
00000547 544
00000548 545
00000549 546
00000550 547
00000551 548
00000552 549
00000553 550
00000554 551
00000555 552
00000556 553
00000557 554
00000558 555
00000559 556
00000560 557
00000561 558
00000562 559
00000563 560
00000564 561
00000565 562
00000566 563
00000567 564
00000568 565
00000569 566
00000570 567
00000571 568
00000572 569
00000573 570
00000574 571
00000575 572
00000576 573
00000577 574
00000578 575
00000579 576
00000580 577
00000581 578
00000582 579
00000583 580
00000584 581
00000585 582
00000586 583
00000587 584
00000588 585
00000589 586
00000590 587
00000591 588
00000592 589
00000593 590
00000594 591
00000595 592
00000596 593
00000597 594
00000598 595
00000599 596
00000600 597
00000601 598
00000602 599
00000603 600
00000604 601
00000605 602
00000606 603
00000607 604
00000608 605
00000609 606
00000610 607
00000611 608
00000612 609
00000613 610
00000614 611
00000615 612
00000616 613
00000617 614
00000618 615
00000619 616
00000620 617
00000621 618
00000622 619
00000623 620
00000624 621
00000625 622
00000626 623
00000627 624
00000628 625
00000629 626
00000630 627
00000631 628
00000632 629
00000633 630
00000634 631
00000635 632
00000636 633
00000637 634
00000638 635
00000639 636
00000641 637
00000642 638
00000643 639
00000644 640
00000645 641
00000646 642
00000647 643
00000648 644
00000649 645
00000650 646
00000651 647
00000652 648
00000653 649
00000654 650
00000655 651
00000656 652
00000657 653
00000658 654
00000659 655
00000660 656
00000661 657
00000662 658
00000663 659
00000664 660
00000665 661
00000666 662
00000667 663
00000668 664
00000669 665
00000670 666
00000671 667
00000672 668
00000673 669
00000674 670
00000675 671
00000676 672
00000677 673
00000678 674
00000679 675
00000680 676
00000682 677
00000683 678
00000684 679
00000685 680
00000686 681
00000687 682
00000688 683
00000689 684
00000690 685
00000691 686
00000692 687
00000693 688
00000694 689
00000695 690
00000696 691
00000697 692
00000698 693
00000699 694
00000700 695
00000701 696
00000702 697
00000703 698
00000704 699
00000705 700
00000706 701
00000707 702
00000708 703
00000709 704
00000710 705
00000711 706
00000712 707
00000713 708
00000714 709
00000715 710
00000716 711
00000717 712
00000718 713
00000719 714
00000720 715
00000721 716
00000722 717
00000723 718
00000724 719
00000725 720
00000726 721
00000727 722
00000728 723
00000729 724
00000730 725
00000731 726
00000732 727
00000733 728
00000734 729
00000735 730
00000736 731
00000737 732
00000738 733
00000739 734
00000740 735
00000741 736
00000742 737
00000743 738
00000744 739
00000745 740
00000746 741
00000747 742
00000748 743
00000749 744
00000750 745
00000751 746
00000752 747
00000753 748
00000754 749
00000755 750
00000756 751
00000757 752
00000758 753
00000759 754
00000760 755
00000761 756
00000762 757
00000763 758
00000764 759
00000765 760
00000766 761
00000767 762
00000768 763
00000769 764
00000770 765
00000771 766
00000772 767
00000773 768
00000774 769
00000775 770
00000776 771
00000777 772
00000778 773
00000779 774
00000780 775
00000781 776
00000782 777
00000783 778
00000784 779
00000785 780
00000786 781
00000787 782
00000788 783
00000789 784
00000790 785
00000791 786
00000792 787
00000793 788
00000794 789
00000795 790
00000796 791
00000797 792
00000798 793
00000799 794
00000800 795
00000801 796
00000802 797
00000803 798
00000804 799
00000805 800
00000806 801
00000807 802
00000808 803
00000809 804
00000810 805
00000811 806
00000812 807
00000813 808
00000814 809
00000815 810
00000816 811
00000817 812
00000818 813
00000819 814
00000820 815
00000821 816
00000822 817
00000823 818
00000824 819
00000825 820
00000826 821
00000827 822
00000828 823
00000829 824
00000830 825
00000831 826
00000832 827
00000833 828
00000834 829
00000835 830
00000836 831
00000837 832
00000838 833
00000839 834
00000840 835
00000841 836
00000842 837
00000843 838
00000844 839
00000845 840
00000846 841
00000847 842
00000848 843
00000849 844
00000850 845
00000851 846
00000852 847
00000853 848
00000854 849
00000855 850
00000856 851
00000857 852
00000858 853
00000859 854
00000860 855
00000861 856
00000862 857
00000863 858
00000864 859
00000865 860
00000866 861
00000867 862
00000868 863
00000869 864
00000870 865
00000871 866
00000872 867
00000873 868
00000874 869
00000875 870
00000876 871
00000877 872
00000878 873
00000879 874
00000880 875
00000881 876
00000882 877
00000883 878
00000884 879
00000885 880
00000886 881
00000887 882
00000888 883
00000889 884
00000890 885
00000891 886
00000892 887
00000893 888
00000894 889
00000895 890
00000896 891
00000897 892
00000898 893
00000899 894
00000900 895
00000901 896
00000902 897
00000903 898
00000904 899
00000905 900
00000906 901
00000907 902
00000908 903
00000909 904
00000910 905
00000911 906
00000912 907
00000913 908
00000914 909
00000915 910
00000916 911
00000917 912
00000918 913
00000919 914
00000920 915
00000921 916
00000922 917
00000923 918
00000924 919
00000925 920
00000926 921
00000927 922
00000928 923
00000929 924
00000930 925
00000931 926
00000932 927
00000933 928
00000934 929
00000935 930
00000936 931
00000937 932
00000938 933
00000939 934
00000940 935
00000941 936
00000942 937
00000943 938
00000944 939
00000945 940
00000946 941
00000947 942
00000948 943
00000949 944
00000950 945
00000951 946
00000952 947
00000953 948
00000954 949
00000955 950
00000956 951
00000957 952
00000958 953
00000959 954
00000960 955
00000961 956
00000962 957
00000963 958
00000964 959
00000965 960
00000966 961
00000967 962
00000968 963
00000969 964
00000970 965
00000971 966
00000972 967
00000973 968
00000974 969
00000975 970
00000976 971
00000977 972
00000978 973
00000979 974
00000980 975
00000981 976
00000982 977
00000983 978
00000984 979
00000985 980
00000986 981
00000987 982
00000988 983
00000989 984
00000990 985
00000991 986
00000992 987
00000993 988
00000994 989
00000995 990
00000996 991
00000997 992
00000998 993
00000999 994
00001000 995
00001001 996
00001002 997
00001003 998
00001004 999
00001005 1000
00001006 1001
00001007 1002
00001008 1003
00001009 1004
00001010 1005
00001011 1006
00001012 1007
00001013 1008
00001014 1009
00001015 1010
00001016 1011
00001017 1012
00001018 1013
00001019 1014
00001020 1015
00001021 1016
00001022 1017
00001023 1018
00001024 1019
00001025 1020
00001026 1021
00001027 1022
00001028 1023
00001029 1024
00001030 1025
00001031 1026
00001032 1027
00001033 1028
00001034 1029
00001035 1030
00001036 1031
00001037 1032
00001038 1033
00001039 1034
00001040 1035
00001041 1036
00001042 1037
00001043 1038
00001044 1039
00001045 1040
00001046 1041
00001047 1042
00001048 1043
00001049 1044
00001050 1045
00001051 1046
00001052 1047
00001053 1048
00001054 1049
00001055 1050
00001056 1051
00001057 1052
00001058 1053
00001059 1054
00001060 1055
00001061 1056
00001062 1057
00001063 1058
00001064 1059
00001065 1060
00001066 1061
00001067 1062
00001068 1063
00001069 1064
00001070 1065
00001071 1066
00001072 1067
00001073 1068
00001074 1069
00001075 1070
00001076 1071
00001077 1072
00001078 1073
00001079 1074
00001080 1075
00001081 1076
00001082 1077
00001083 1078
00001084 1079
00001085 1080
00001086 1081
00001087 1082
00001088 1083
00001089 1084
00001090 1085
00001091 1086
00001092 1087
00001093 1088
00001094 1089
00001095 1090
00001096 1091
00001097 1092
00001098 1093
00001099 1094
00001100 1095
00001101 1096
00001102 1097
00001103 1098
00001104 1099
00001105 1100
00001106 1101
00001107 1102
00001108 1103
00001109 1104
00001110 1105
00001111 1106
00001112 1107
00001113 1108
00001114 1109
00001115 1110
00001116 1111
00001117 1112
00001118 1113
00001119 1114
00001120 1115
00001121 1116
00001122 1117
00001123 1118
00001124 1119
00001125 1120
00001126 1121
00001127 1122
00001128 1123
00001129 1124
00001130 1125
00001131 1126
00001132 1127
00001133 1128
00001134 1129
00001135 1130
00001136 1131
00001137 1132
00001138 1133
00001139 1134
00001140 1135
00001141 1136
00001142 1137
00001143 1138
00001144 1139
00001145 1140
00001146 1141
00001147 1142
00001148 1143
00001149 1144
00001150 1145
00001151 1146
00001152 1147
00001153 1148
00001154 1149
00001155 1150
00001156 1151
00001157 1152
00001158 1153
00001159 1154
00001160 1155
00001161 1156
00001162 1157
00001163 1158
00001164 1159
00001165 1160
00001166 1161
00001167 1162
00001168 1163
00001169 1164
00001170 1165
00001171 1166
00001172 1167
00001173 1168
00001174 1169
00001175 1170
00001176 1171
00001177 1172
00001178 1173
00001179 1174
00001180 1175
00001181 1176
00001182 1177
00001183 1178
00001184 1179
00001185 1180
00001186 1181
00001187 1182
00001188 1183
00001189 1184
00001190 1185
00001191 1186
00001192 1187
00001193 1188
00001194 1189
00001195 1190
00001196 1191
00001197 1192
00001198 1193
00001200 1194
00001201 1195
00001202 1196
00001203 1197
00001204 1198
00001205 1199
00001206 1200
00001207 1201
00001208 1202
00001209 1203
00001210 1204
00001211 1205
00001212 1206
00001213 1207
00001214 1208
00001215 1209
00001216 1210
00001217 1211
00001218 1212
00001219 1213
00001220 1214
00001221 1215
00001222 1216
00001223 1217
00001224 1218
00001225 1219
00001226 1220
00001227 1221
00001228 1222
00001229 1223
00001230 1224
00001231 1225
00001232 1226
00001233 1227
00001234 1228
00001235 1229
00001236 1230
00001237 1231
00001238 1232
00001239 1233
00001240 1234
00001241 1235
00001242 1236
00001243 1237
00001244 1238
00001245 1239
00001246 1240
00001247 1241
00001248 1242
00001249 1243
00001250 1244
00001251 1245
00001252 1246
00001253 1247
00001254 1248
00001255 1249
00001256 1250
00001257 1251
00001258 1252
00001259 1253
00001260 1254
00001261 1255
00001262 1256
00001263 1257
00001264 1258
00001265 1259
00001266 1260
00001267 1261
00001268 1262
00001269 1263
00001270 1264
00001271 1265
00001272 1266
00001273 1267
00001274 1268
00001275 1269
00001276 1270
00001277 1271
00001278 1272
00001279 1273
00001280 1274
00001281 1275
00001282 1276
00001283 1277
00001284 1278
00001285 1279
00001286 1280
00001287 1281
00001288 1282
00001289 1283
00001290 1284
00001291 1285
00001292 1286
00001293 1287
00001294 1288
00001295 1289
00001296 1290
00001297 1291
00001298 1292
00001299 1293
00001300 1294
00001301 1295
00001302 1296
00001303 1297
00001304 1298
00001305 1299
00001306 1300
00001307 1301
00001308 1302
00001309 1303
00001310 1304
00001311 1305
00001312 1306
00001313 1307
00001314 1308
00001315 1309
00001316 1310
00001317 1311
00001318 1312
00001319 1313
00001320 1314
00001321 1315
00001322 1316
00001323 1317
00001324 1318
00001325 1319
00001326 1320
00001327 1321
00001328 1322
00001329 1323
00001330 1324
00001331 1325
00001332 1326
00001333 1327
00001334 1328
00001335 1329
00001336 1330
00001337 1331
00001338 1332
00001339 1333
00001340 1334
00001341 1335
00001342 1336
00001343 1337
00001344 1338
00001345 1339
00001346 1340
00001347 1341
00001348 1342
00001349 1343
00001350 1344
00001351 1345
00001352 1346
00001353 1347
00001354 1348
00001355 1349
00001356 1350
00001357 1351
00001358 1352
00001359 1353
00001360 1354
00001361 1355
00001362 1356
00001363 1357
00001364 1358
00001365 1359
00001366 1360
00001367 1361
00001368 1362
00001369 1363
00001370 1364
00001371 1365
00001372 1366
00001373 1367
00001374 1368
00001375 1369
00001376 1370
00001377 1371
00001378 1372
00001379 1373
00001380 1374
00001381 1375
00001382 1376
00001383 1377
00001384 1378
00001385 1379
00001386 1380
00001387 1381
00001388 1382
00001389 1383
00001390 1384
00001391 1385
00001392 1386
00001393 1387
00001394 1388
00001395 1389
00001396 1390
00001397 1391
00001398 1392
00001399 1393
00001400 1394
00001401 1395
00001402 1396
00001403 1397
00001404 1398
00001405 1399
00001406 1400
00001407 1401
00001408 1402
00001409 1403
00001410 1404
00001411 1405
00001412 1406
00001413 1407
00001414 1408
00001415 1409
00001416 1410
00001417 1411
00001418 1412
00001419 1413
00001420 1414
00001421 1415
00001422 1416
00001423 1417
00001424 1418
00001425 1419
00001426 1420
00001427 1421
00001428 1422
00001429 1423
00001430 1424
00001431 1425
00001432 1426
00001433 1427
00001434 1428
00001435 1429
00001436 1430
00001437 1431
00001438 1432
00001439 1433
00001440 1434
00001441 1435
00001442 1436
00001443 1437
00001444 1438
00001445 1439
00001446 1440
00001447 1441
00001448 1442
00001449 1443
00001450 1444
00001451 1445
00001452 1446
00001453 1447
00001454 1448
00001455 1449
00001456 1450
00001457 1451
00001458 1452
00001459 1453
00001460 1454
00001461 1455
00001462 1456
00001463 1457
00001464 1458
00001465 1459
